1031.1137403575524
385.06173659591207
90.87534266396565
76.45352725288845
68.55488495167343
35.072413925204025
34.03741540634747
29.760000259749326
29.37828262093145
26.358626471848098
12.492575776006046
10.413301829939535
10.358178512184384
10.041813613873094
9.954439453421951
9.945234268536694
9.858867300104798
9.982518773557118
9.839185170169335
9.839105794894097
8.561373970586759
7.928944522272196
7.433001429813354
7.305873571692431
7.05410957343639
6.5730677866705625
6.563704276747249
6.369870475232708
6.277741247364578
6.249566415280758
6.191376306382707
6.174934516843147
6.1091042026568205
6.110505634319895
6.109400821526744
6.107914186827773
6.106861807545722
6.106116197619836
6.105587611033358
6.105212716161302
6.10488588490458
6.104648824442432
6.1044805927463095
6.104361189194666
6.022551021945319
6.003144749469623
6.002539928742504
5.9806794986615905
5.971011738650283
5.660857340003689
5.093607218249179
4.33484671318732
3.4447946047503706
2.966625609590209
1.2794523618665747
1.1532040868482418
1.1512325520506468
1.1456259182643593
1.1452432897579854
0.29333206606574574
0.14176764144623377
0.13465190327334497
0.13240629700039666
0.1296514389313633
0.12652784819204893
0.12382867959402406
0.1227522222254019
0.12063265578168368
0.11941369486364402
0.11869241523498314
0.11535422947019669
0.11319432965172822
0.11192984622839816
0.09115217770810309
0.08739362229149245
0.08616168199475202
0.011478322900342912
0.009098402605887446
0.008718990218722897
0.008714793824399462
0.008712215106824092
0.008711889019752731
0.007968382251348443
0.007615355914020155
0.007609613839825963
0.0074115307341924485
0.006933989337975043
0.006795759635716687
0.006385122570559588
0.005623150215039885
0.005577462347427894
0.0055515696222715565
0.00553540775169115
0.005493421017980703
0.005082626406752931
0.0049186538843322275
0.004497135650974253
0.004216161536896664
0.004028699696817383
0.00378409980860825
0.0036509864180175183
0.0036338938962035983
0.0035620576980952743
0.003256189931862176
0.002978541692325857
0.0020608310157213296
6.545796886081133E-4
5.207416184727376E-4
2.4029984195817405E-4
2.217874475760358E-4
1.0918437697475887E-4
6.471779168073201E-5
2.2349525776306365E-5
2.194037408559404E-5
2.102846297824863E-5
1.5024872268267673E-5
1.1316634234785098E-5
9.547472654630269E-6
2.9385155469776926E-6
2.093717032814313E-6
1.0577020898763364E-6
1.0448847716187108E-6
7.442637826271753E-7
7.440367821963071E-7
7.337340631616282E-7
4.0556991206166977E-7
3.6312181524586783E-7
3.585630661074541E-7
2.414950724564958E-7
1.7580041633658752E-7
1.618461577340492E-7
1.5516772082712687E-7
1.5124764562605546E-7
1.4780365734965408E-7
1.3694563213086294E-7
1.2817896802272747E-7
1.153114527567826E-7
1.0696281920606948E-7
1.0154434928107299E-7
9.802643744131515E-8
9.574165232432904E-8
9.425748713713874E-8
9.329316654049382E-8
9.266647027125467E-8
9.225924107710973E-8
9.218293500653707E-8
1.9818418413126096E-8
1.6196787554242606E-8
6.121411193138821E-9
1.4685770740025205E-9
3.3874084076180385E-10
3.1612076179426245E-10
2.732521737549514E-10
1.5019094081168023E-10
7.478176822397198E-11
1.9277546910499758E-11
1.473593687188707E-11
8.583920899133167E-12
8.123041900817875E-12
4.412235823639328E-12
4.094699412110459E-12
3.255991826249484E-12
2.5648919683313756E-12
4.0990372275064023E-13
3.595093471822542E-13
3.410605131648481E-13
2.2737367544323206E-13
1.1368683772161603E-13
5.6843418860808015E-14
0.0
